-100.0 -31.49605025993711
-98.0391509845553 -31.184927621945793
-95.82960211621102 -30.81188405248683
-93.69506201037402 -30.112620987084743
-91.63755500205268 -29.665572684706692
-89.21908180058675 -28.758896952797585
-87.05585376001616 -27.875374087669236
-85.14483769925197 -26.91483461215375
-83.60132489611887 -26.3751531096121
-82.3291672405215 -25.881289403481517
-81.01219721118277 -25.180511245328816
-80.38392196733187 -24.296996836465112
-78.69239691497779 -23.45324809996009
-77.22742287937676 -22.44840409993456
-75.78157895089791 -21.56639654050495
-74.41678606169708 -20.558525567918327
-73.02631636553552 -19.466594462629093
-71.65548259226009 -18.258359163719618
-70.53636119218807 -17.212236219764705
-69.32410837744003 -15.891239792343931
-68.19240217799381 -14.683512342885997
-67.26458688320871 -13.330796190852393
-65.95315352691652 -11.534560561772578
-64.96090299569818 -10.091232117649492
-64.01747935486603 -8.47673513138867
-63.1294313375058 -6.652306356502242
-62.22527536738546 -4.805225712730294
-61.6463348633723 -3.511415188477703
-61.23604377830475 -1.9271228347397424
-61.2023127803367 -1.0642490214338634
-60.91636841115988 -0.27840006183164595
-60.68428917732214 -0.0
-60.256374621370625 -0.645394078140874
-59.62456915990467 -1.4357768592978462
-59.03153176331828 -2.232704948175283
-58.3669991215153 -3.2169067478245337
-57.283619779378 -5.147048098750617
-56.40161564569901 -6.592896844244821
-55.38367760459204 -8.13540219143352
-54.29778395732399 -9.726231396847517
-53.276823761304406 -11.168552171995497
-52.1848878385869 -12.559025294072843
-51.42974290466692 -13.607662330430601
-50.32731109217494 -14.885523240138333
-48.85746352647092 -16.56383152026342
-47.524864410334395 -17.882570489370085
-45.9483685931753 -19.134616539715466
-44.90380949558485 -20.183034927018777
-43.910524241510565 -21.069468628703866
-42.73904573412545 -21.868411416356828
-41.39589704455976 -22.857643218248022
-40.08849287276038 -23.75324399924559
-38.63559696625196 -24.68407802280731
-37.20233419910922 -25.49862433927173
-35.79827203391018 -26.258299456102783
-34.051375962371644 -27.15943327125546
-32.42781593761909 -27.802308013779086
-30.843023977278154 -28.451728064133285
-29.141939492466705 -29.08151840040447
-27.715725065205337 -29.61817250448878
-25.768463408924042 -30.33347612352413
-23.29300793094757 -30.974559081675373
-21.075562003086844 -31.37886968679619
-18.80777444080011 -31.712387180593886
