0.0 4.305218036743166
0.9566770384277552 3.978803589659336
1.9031380372393671 4.30433899293778
2.911857866179687 4.28513795404314
3.6903057799892607 3.6278331177175445
4.695754181521759 3.7261231232968783
5.607256519828046 4.149826248285351
6.32331153404658 3.435681879746656
7.247394977848133 3.812037099711896
8.253568386065078 3.862924627967754
9.278153538478529 3.8724119025749877
10.239878434956507 3.552615987662644
11.260118816618743 3.642386244038108
12.26118180917094 3.639930325650214
13.227726008937767 3.951241699103782
14.239701638559518 4.008035276222877
15.014000180672156 3.3533116177800344
16.014857663614535 3.3626797172652205
17.00154216905987 3.1410215718341865
17.993788526541497 3.3220963167351
19.010645936604504 3.4440268627760897
19.990858236148373 3.636891473496304
20.991137997076553 3.6817611506420898
21.993810351030383 3.5726550622498126
22.999175862371352 3.6708296180682454
23.917014434684802 4.064809387232094
24.881233928854474 4.3777143444793385
25.745297149112574 3.848328710759825
26.682819606835768 4.2288252783067595
27.664185298954507 3.9558770464060045
28.644704936344546 3.736826496487948
29.568741716304356 4.117258227519058
30.563506569415388 4.282305392257997
31.508487655660268 4.615627086655734
32.476765404110644 4.3156596161558864
33.47988079094505 4.366345452899162
34.472766105777815 4.593196841199981
35.46874508919046 4.364169057045259
36.297188740172466 3.780471702530781
37.18466395003208 3.28321350761154
38.15113792457039 3.5322069021463514
38.78864568244502 2.7452109489251204
39.787498657362804 2.852006490222646
40.781970380533295 2.963091118628585
41.78308350456516 2.923271990991865
42.44019760191152 2.149627605142457
43.29035240006629 1.6087784503276548
43.90454034505151 0.7994718633470265
44.87567642928783 0.51255887572322
45.740177639918365 0.0
46.7321911027652 0.125948806878539
47.251969584929014 0.9803316638332523
47.271946401358875 1.9870355974977845
46.97288233920316 2.945332504249056
46.5767211858007 3.8762985697786783
45.994008459158195 4.696626565951858
45.14374198476688 5.249285014577063
44.23812546663946 5.713840020113818
43.23369481428018 5.714346825083768
42.22796914399855 5.798220094886069
41.22971852512993 5.643348783521578
40.22632711897248 5.575622108514315
39.230022698392055 5.784577580628232
38.25959715991556 6.03530447279653
37.21714733815755 6.240073680160869
36.248028237638465 6.407568093269096
35.242007588784446 6.498245243692049
34.225570009924894 6.615904587385316
33.30245480831319 6.658733040219319
32.248882276601535 6.711485811855217
31.26269413663384 6.872907207643159
30.304193472350782 6.931770299416841
29.28295619388059 7.002738201256456
28.318413345419753 6.961606983015694
27.25186446339098 7.005169406987743
26.28407400770533 7.008462036571703
25.29769842687196 7.072033720196948
24.295213479482765 7.169332802328218
23.292354107176422 7.290314481866175
22.300597873051807 7.458709500606946
21.30429162951379 7.595633993911907
20.300126439305036 7.7421274852350095
19.319829007602177 7.934238072521635
18.32767737555527 8.126305553347096
17.3225522662921 8.223934539148072
16.3034042884629 8.294490091695096
15.295954973230884 8.207763043396032
14.27881334977709 8.148757543188694
13.282219664393825 8.10716760021198
12.283323167437253 8.17603507748755
11.284419988387263 8.244897771118717
10.28325549114553 8.458345301702607
9.268301481007768 8.62836175191031
8.28226080473373 8.798474132137693
7.294409489366126 9.08425756903607
6.336827611218814 9.283382126190961
5.325005184144724 9.250951721711502
4.326963943583755 9.2619450428091
3.314681225432563 9.258421885978303
2.3188886117012455 9.12480769279818
1.305691425429425 9.179111423857105
0.30853484538858417 9.132242577836301

98.76638118055787 2.8713689882128817
97.77263827946697 2.9202739092098824
96.8205259597773 3.237117634914977
95.80913145442464 3.1689825730741
94.82274402944418 3.4028370830004104
94.03275997071472 2.79070880067065
93.14518038680254 2.325413960478152
92.12894129193738 2.261735693110443
91.13484448048588 2.125519035687505
90.14298174982281 1.980925092346167
89.13310841203797 2.0468444163378696
88.20844226054848 2.4622046826801056
87.75364221150915 3.3599348930664092
86.77929048065499 3.6398908445623577
86.14450832335531 2.856590590375039
85.15271408064113 2.9546116551230717
84.15839023246407 2.7764432505321777
83.18499351445786 2.5511776054579998
82.19873415949164 2.3478321461049108
81.20965214961254 2.540003329369804
80.20644956991349 2.606873358448404
79.27932639612118 3.017032130364943
78.32700175372061 3.3399620921583857
77.32903539836904 3.1777376528157353
76.58135584965211 2.5085323589958324
75.63371356430339 2.1839879020150437
74.62808390510224 2.1197630801236955
73.72857565630929 2.5950079480876265
72.73268908664618 2.754616302014664
72.03893598893433 3.489459837264877
71.03508768163275 3.4717754721558842
70.20878243283073 2.897917428116593
69.3097658771131 2.459329688210754
68.32762122312099 2.251621069212193
67.3897349270581 1.8917589876421608
66.40209922534667 1.7243062953543904
65.40501634232933 1.7211519381223184
64.52133057317475 2.230340220678069
63.68386569578813 2.8003053544692538
62.85924815825053 3.4107356548222905
63.005627434996455 4.408244536144856
63.57241237550982 5.231927895921343
64.28244289834768 5.941533274487255
65.04741018387308 6.5839379079291955
65.99872664670582 6.937237996439241
66.99251236113928 7.1219745233200475
67.99045833729797 7.10515326393904
69.00103026192525 7.108306907415367
70.00393170083912 7.172061156415829
71.00724012705528 7.2088641426168705
72.00057514888192 7.016585084005308
73.00469708637932 6.999487652353601
74.01673219170267 6.9878809455956485
75.00686244382905 6.948834515107244
76.01804105502731 6.909847389273592
77.02546936413276 6.894404968843985
78.02150840102796 6.893151349847452
79.02550719115395 6.935030355253031
80.0293695685388 6.985524672906549
81.02342135700582 7.113584405779795
82.02609322704286 7.241663383026653
83.02915367621628 7.343869784808077
84.02719800215084 7.40375096171433
85.0149148974991 7.57514586617349
86.02437726265885 7.645556327051524
87.01519382928966 7.806420910959385
88.01761557020839 7.915074992333671
89.01628943689676 8.038514106014283
90.01828224633465 8.156028537959113
91.01302127409102 8.307193344175298
92.02286878661359 8.350621224443165
93.02812834938705 8.447378188907955
94.03180215834226 8.506403432713947
95.03523256322882 8.556596171613407
96.03403176374339 8.633224625816869
97.0224608331807 8.69929124380377
98.0112045769705 8.74430377881597
99.00026299510567 8.768262230917422
100.0 8.781721544820494
