100.0 0.14154755774896138
98.83381843263035 0.0049713056888132726
97.7272720155315 0.0
96.74969575065441 0.09114798374458087
95.74238162320357 0.17950171822743427
94.83216451051544 0.3519796134000662
94.06275293515746 0.4626870141662793
93.32999121554535 0.6226786794912561
92.58846298146214 0.7699663675443188
91.83831277801195 0.9068437937582686
91.2253861066157 0.9932542642709012
90.56577313266598 1.0656778579877604
89.98596757337893 1.1878407480075348
89.28282319546729 1.2331337623214695
88.63898536077802 1.2398386930061147
87.83451352641549 1.3264915654810385
86.87106786368167 1.3949669727166756
85.9662795658818 1.3819527548902737
85.04243104252893 1.4121482559262426
84.10099918045309 1.5336926888339546
83.20770669064693 1.6537603341879497
82.19348683149505 1.8794668394112988
81.26568628082123 2.1432938257234113
80.31389582119444 2.470867414740631
79.3006536181228 2.9096685213973874
78.18702105881091 3.45903814134318
76.96379764229765 4.121112006471036
75.82140503574885 4.880782077854944
74.79073891906019 5.536948564251096
73.55272615455644 6.260633558689364
72.85576286990201 6.558150564170071
72.36812228135263 6.671333174707195
72.0750152001806 6.661792618861517
71.83695309371903 6.513422534725367
71.79999061921498 6.395948031232021
70.68687807752359 6.237357978518839
69.24171990186613 6.06856862410781
68.02937491126269 5.816653431971356
66.98066784738516 5.643114705414574
65.98584795014892 5.534639944000767
65.17947393029063 5.52787297053763
64.23606598991982 5.76623316108652
63.31598934190764 5.979785271723086
62.54378361654818 6.120230375802734
61.51675077622262 6.290732321944415
60.73534426139127 6.433313088693945
59.93076600857126 6.726718353209822
59.269947126715586 7.054631807856132
58.41211962696942 7.787039256426104
57.67823545792964 8.489467016956246
57.61533546687447 8.610120822054697
57.47157350273937 8.643488336529003
56.952470350208564 9.27909617382507
56.54376164733361 9.73757453252038
55.971768878348485 10.53696469537731
55.50477536192516 11.266532449455633
54.945100457031536 12.184269087175727
54.44293025608905 13.088658601849774
54.039085780809266 13.894473211514907
53.65427658913489 14.777077245201895
53.32350656606988 15.775010431179554
53.04367023379157 16.741728678506657
52.914838710535044 17.31463066819727
52.7635339590972 18.00755262040739
52.628633255880466 18.803486612485898
52.543743951072216 19.550002818747867
52.50617119008112 20.106812097421088
52.495044231755585 20.709114758423112
52.522672596208245 21.264831110425543
52.590510113734965 21.724210753212706
52.77729889230253 22.194767164510164
53.00877404803826 22.73252320362172
53.253982359148026 23.212553321617644
53.61129321491794 23.872050840266805
53.90256587155212 24.332502273159356
54.044863745253814 24.58445743080919
54.250727498634184 24.804103904536554
54.41448180513501 24.858792606591482
54.58492113194761 25.04582479451197
54.78444648215565 25.239838866416566
54.9561647697812 25.44717343935591
55.06744237040251 25.630771115830175
55.090238967782064 25.817739495219005
55.07582208001663 25.921884560262853
55.738205424455685 26.54157630015161
55.8055925996705 26.547908084200557
55.87184286571455 26.609341454770867
56.01075358902496 26.784010022593055
56.121351773862386 26.942734492523822
56.237279628495706 27.057520085520665
56.289372615628814 27.12306900533978
56.313906944327236 27.136784518200127
56.351133875955675 27.213547747743604
56.403554415128376 27.313958628290244
56.44277699021973 27.45819356936778
56.431639039999276 27.544008670644686
56.36577539562724 27.602774117189796
56.25812932436111 27.684901945147512
56.22080581538241 27.79170158945145
56.20356453370354 27.856572939922945
56.21299177174024 27.92395009816916
56.18626780240826 27.958336077903514
56.19527687601463 28.022238887251657
56.27088546741795 28.080388844875053
56.32852040801926 28.121980657536987
56.38219248602774 28.176604008701375
56.42010617873604 28.174131378870328
56.49212231290583 28.10982734019549
56.5230945155241 27.979090473558713
56.56282376021315 27.957056863352683
56.62559068591836 28.081594605284657
56.635992381489174 28.169782242400725
56.54311780918713 28.2782800648447
56.589920023580504 28.425970574581754
56.77087726819138 28.58952610035435
56.84154327524724 28.629261224941235
56.898210240150746 28.692913046203763
56.94718844473973 28.723438298029063
57.05082908147078 28.64352542264348
57.228640998302886 28.762845492080356
57.26519498184203 28.845129856370043
57.32931346054578 28.955927581914725
57.43933475096283 29.083999823950393
57.38751075368546 29.22170809059084
57.55985867850316 29.2934209469365
57.73377499183409 29.436267641735245
57.799001007482055 29.54401528782335
57.92354812989127 29.734069629053355
58.05290572866674 29.85821252310265
58.271606021983345 30.06886541427087
58.38202830072332 30.167379703824416
58.410950921675706 30.261908698890583
58.532038535875365 30.27220600537427
58.65856564402613 30.351062955558337
58.626617381590194 30.48415801402273
58.774083766122 30.593065782986283
58.75048593366653 30.476354418980122
58.82295468307807 30.33734562279276
58.89003391844375 30.370651782497173
58.913452031372984 30.546753651563165
59.10723057734153 30.79502981504541
59.17003191267378 30.888119156103905
59.22166348314106 31.08169149703106
59.2818535977273 31.206248095418356
59.41942484743685 31.37540503750767
59.51361474560146 31.425041053744682
59.663906600041315 31.591245511391843
59.88374275649454 31.797166183332397
60.02860568763941 31.96346884633493
60.18185100271819 32.11236442065012
60.29204196007348 32.22978441607455
60.391160148594665 32.34262466979339
60.58580033608417 32.52123627026527
60.78750326818765 32.706788301059156
60.837699997049356 32.79791559300753
60.93798353153279 32.89305771801275
61.012412022951146 32.924937357724204
61.104785459075494 32.95712064925486
61.19215985065316 33.035150329388415
61.28774773390212 33.15819395831162
61.37186611847132 33.241447948413416
61.469537319078356 33.33496217955386
61.60332841714176 33.35306360852709
61.65038438191508 33.41140530643005
61.81976165754772 33.44805872524561
61.94817676398741 33.47187665419162
62.12024453137724 33.44311081582854
62.33899595981727 33.307434444568045
62.51598944649219 33.17474725500071
62.58103552725137 33.07841059385594
62.62700103519643 33.01769343224031
62.643095055981306 33.02226087175456
62.63652338907443 33.067128684648615
62.60539657146105 33.172752566479346
62.997327288617754 33.36409240112078
63.1841084587146 33.36274099090757
63.38557837603253 33.29306970708021
63.473436074992215 33.326133283627065
63.801571894163736 33.555433116612626
64.11851628550595 33.7529660282907
64.36131727257815 33.96007132057185
64.62223371407616 34.16297197017788
64.80570575973898 34.41057551253349
65.05561908836313 34.730577915543854
65.28088616863097 34.960844098182136
65.5172819481668 35.17325430055481
65.78628544226999 35.378096170130824
66.0783869989186 35.5508492042046
66.37663451746023 35.73363048085228
66.56024035163509 35.866655067414825
66.75109231588382 35.99799780891105
66.98347999983893 36.12733663188215
67.17122761885616 36.228853801316006
67.48442338877295 36.327981991663016
67.82705970021144 36.34009353484935
68.09723445244374 36.36902358869163
68.44925106376623 36.47090165191449
68.89349411077889 36.5950546216657
69.21140699609961 36.71187390419776
69.50054390316947 36.7889419798386
69.91352792695612 36.84093036456611
70.00423062623997 36.919152825118395
70.24839938851963 36.885390247424816
70.60598408059849 36.813848674307984
71.0977563852387 36.59661405095035
71.39828369147229 36.37794879455499
71.76405054122235 36.039377583358416
71.55622524350235 35.658060062911716
71.3475892364709 35.32465884417246
71.21538400818068 34.80646903918637
71.25766485510319 34.140391831710325
71.3811161347197 33.592693607222856
71.51796814176366 33.14283035080835
71.62996957500627 32.868647502992864
71.66727705497752 32.39011858568327
71.7773547574615 32.784055874762096
71.91095573005045 33.48015704287177
72.04440346655333 34.05510872899956
72.12825161851772 34.697504196073986
72.27764372925591 35.50180324950962
72.58481349411156 36.744900041421914
72.77812617568529 37.29663505888208
73.1104322171222 37.965260007203526
73.40720351962466 38.52094774581405
74.0376747329045 39.43498296114492
74.63491289440041 39.937244913933185
75.12431211359466 40.10039891452005
75.37186027983672 39.91185267860862
75.31063980445 40.27563431865165
74.70350736317792 40.358289299447726
73.81033206163492 40.463638988853354
72.92725957222129 40.989043559174156
72.43758958517961 41.45226941150271
72.26037520183323 41.75558054492702
72.46496070046116 42.07223351362668
72.26948853934223 42.234127211745694
71.78971283208416 42.11243613049856
70.75958838735416 41.5649930642954
69.83115767347235 40.702636403538015
68.55795306609423 39.67268897061462
67.7425479356059 39.0462780149422
67.0826208817116 38.587697307260925
66.35235988566006 38.014351602804034
65.58162566415942 37.39213798214211
64.72772596890871 36.59987546917395
64.0942117876991 36.004074721193
63.29040927761706 35.30214321228266
62.411086214289696 34.58860908295613
61.875274427937114 34.01965412243875
61.21979413312193 33.444682461302364
60.685463290297236 32.86955743482582
60.30449741363742 32.47324038178439
59.89083611100234 32.05654629156629
59.42536892949001 31.577301020147587
58.92989252813833 31.04908937205882
58.45826623186553 30.5433079186881
57.924568596917936 29.930748331098105
57.410614950542595 29.32292797789791
56.95076133634062 28.879757011227827
56.6824731783833 28.579292433548165
56.438509066052056 28.334274516608108
56.145378202662656 28.009030031335236
55.89915066763741 27.737809607358002
55.58790434981107 27.416769764739243
55.35979226922152 27.141344698105424
55.14339030625988 26.86701992890287
54.966133958990056 26.63171947199192
54.79902689601743 26.40658730497599
54.56902641969753 26.11052370050456
54.359603154149184 25.861001595149762
54.19344670450845 25.68207869996855
54.02443326274845 25.501375319168034
53.89003538812284 25.322412253143447
53.744954052766154 25.16059113055705
53.53637172097426 24.880685606516344
53.15208617177715 24.550392514054636
52.73842499840484 24.133698393832795
52.30833934973724 23.646240979391063
51.811596592621534 23.192898712042364
51.42984417273584 22.71286689738172
50.993599379306495 22.198873171732625
50.54503635635618 21.6318070821795
50.089047832881334 21.113074062126945
49.62548259961919 20.575013785458363
49.18866011948062 20.071875852460362
48.71809501054252 19.57656966870295
48.24752987160315 19.081263355691423
47.72997435716231 18.383501786920096
47.184092370634936 17.870116442875172
46.64062610590903 17.213929222150117
46.13873402996536 16.583652652457296
45.727822330123026 16.038940500674546
45.16627687509351 15.45807002827847
44.555325452025066 14.817546146798982
43.94437402895909 14.177022265319492
43.24785831725198 13.627478729922766
42.47302529305024 12.740509682101004
41.57888545066808 11.952352570357101
40.90044889926331 11.3274921573674
40.13886362176102 10.65081011455715
39.50983319765673 10.08560320992224
38.61569335527457 9.297446098178336
37.59441500546282 8.574358552220964
36.63820619145364 7.9784093844415445
35.67658125073148 7.205915870451424
34.80593662610565 6.518986515845857
34.18232219944293 6.130323987414264
33.29901457122282 5.6952559858664795
32.47536035208983 5.2107820162760605
31.431171716902114 4.848615299764012
30.505156843970404 4.395011521111319
29.408063273747654 4.0806844347938025
28.46213640134438 3.7312711766464033
27.3781594490286 3.2773480742113286
26.14957415747387 2.788713055920903
25.062505203491405 2.517576436228733
23.904092255617446 2.3312748135896184
22.611095485489507 2.1534519009857656
21.56567106192486 1.9636838914241315
20.134624311143437 1.681350975277223
19.024414153013748 1.5066200343289031
18.103548836208727 1.2651830073731622
16.916982201808302 1.1536916662766776
15.768593870173392 1.0105805102542584
14.572002778793012 0.8558988017951541
13.137864026339955 0.7563523683911509
11.966334331297501 0.7096467918609771
10.82295832278522 0.5881309337881732
9.681128349729597 0.37522169008052103
8.597525653408125 0.21707362470881794
7.287946007710984 0.06585817389958526
5.863831901498243 0.00950233638368956
4.63754118739005 0.02102413583803333
3.512668345890519 0.07728246738801016
2.1452357094609833 0.16708100456896094
1.0535287183477526 0.17012425325454456
0.0 0.14154755774896138